108
239
613
783
1389
1976
3098
6607
6666
7411
9701
14289
14486
16692
16958
17201
17797
22372
23824
25531
26216
28293
28696
30612
31693
31960
32826
32986
33606
33637
33789
33806
34254
34831
39745
40927
41380
41483
44956
45297
46181
47780
47810
49389
49788
51537
52867
53304
56033
56172
56210
57064
57442
57613
58258
58376
59434
60554
62508
64686
65150
65368
66158
66476
67144
69237
69636
70135
70242
70297
71747
72627
72958
75160
75499
76777
76826
77748
77939
78851
82688
83544
84154
84811
85145
87208
87209
88548
88946
90733
91536
92026
92861
93420
95907
96608
97517
97629
97863
99441
