1
5
14
36
56
62
69
84
87
91
108
162
164
207
215
221
226
232
237
239
239
251
260
265
282
284
287
307
324
327
340
358
360
381
390
391
405
421
421
422
443
448
452
463
475
483
496
507
507
509
518
521
531
541
545
550
551
570
571
613
614
642
655
665
669
672
685
695
722
724
741
741
746
749
756
775
780
780
783
787
796
797
800
810
813
814
826
829
836
838
838
858
860
872
897
907
910
923
936
952
955
959
967
969
974
975
989
1026
1028
1030
1031
1038
1051
1060
1077
1084
1084
1086
1089
1110
1115
1122
1148
1153
1161
1161
1170
1179
1182
1191
1193
1197
1198
1200
1208
1221
1224
1229
1229
1231
1266
1279
1319
1321
1329
1334
1358
1365
1384
1386
1389
1395
1396
1397
1406
1409
1412
1415
1427
1448
1448
1449
1450
1455
1458
1505
1520
1527
1533
1547
1552
1553
1555
1574
1599
1611
1614
1644
1660
1661
1662
1669
1675
1693
1726
1727
1738
1739
1761
1768
1769
1773
1780
1790
1795
1812
1824
1828
1840
1840
1858
1867
1867
1882
1891
1898
1911
1921
1934
1953
1955
1961
1963
1972
1976
1986
1988
1989
2002
2012
2025
2026
2053
2054
2092
2103
2103
2117
2137
2147
2180
2180
2201
2204
2208
2209
2210
2223
2232
2232
2234
2246
2249
2257
2271
2282
2299
2307
2307
2322
2336
2361
2363
2365
2391
2395
2399
2400
2400
2419
2420
2427
2428
2432
2443
2468
2469
2470
2476
2479
2499
2507
2508
2510
2520
2535
2550
2552
2553
2555
2563
2583
2585
2585
2596
2597
2605
2608
2615
2616
2617
2631
2636
2649
2665
2672
2677
2712
2715
2729
2745
2746
2751
2761
2764
2764
2799
2802
2808
2819
2830
2834
2846
2854
2861
2870
2897
2913
2919
2928
2935
2944
2953
3007
3011
3012
3021
3026
3032
3034
3043
3055
3066
3068
3084
3098
3112
3115
3118
3119
3121
3126
3136
3137
3141
3166
3167
3198
3217
3263
3270
3285
3288
3297
3299
3304
3308
3308
3321
3327
3337
3341
3359
3360
3361
3366
3369
3384
3397
3400
3405
3409
3413
3422
3442
3444
3475
3478
3485
3495
3508
3510
3522
3535
3535
3536
3556
3561
3564
3577
3589
3628
3638
3648
3659
3665
3667
3668
3680
3684
3692
3695
3697
3703
3711
3712
3737
3746
3746
3762
3801
3832
3860
3867
3878
3892
3895
3902
3904
3917
3926
3932
3937
3951
3959
3964
3992
4017
4024
4026
4060
4073
4084
4099
4102
4116
4128
4150
4153
4157
4164
4170
4176
4184
4200
4206
4207
4239
4279
4291
4301
4304
4329
4338
4344
4345
4347
4355
4368
4382
4383
4386
4386
4433
4473
4484
4516
4561
4582
4608
4638
4646
4647
4659
4660
4671
4671
4692
4694
4707
4711
4711
4718
4732
4733
4743
4745
4770
4776
4807
4818
4869
4875
4876
4876
4890
4900
4906
4920
4924
4942
4942
4954
4963
4983
4992
4994
5006
5013
5016
5016
5028
5045
5049
5057
5064
5067
5068
5077
5094
5118
5144
5144
5146
5159
5165
5177
5180
5196
5199
5212
5223
5231
5232
5234
5236
5250
5258
5259
5260
5265
5311
5330
5335
5351
5359
5371
5374
5380
5391
5392
5397
5407
5418
5430
5432
5438
5444
5447
5452
5453
5455
5463
5464
5474
5482
5484
5489
5489
5502
5506
5515
5519
5523
5536
5554
5559
5565
5570
5588
5593
5611
5624
5641
5644
5655
5658
5675
5686
5686
5688
5699
5702
5724
5738
5747
5759
5761
5774
5786
5793
5796
5800
5805
5837
5838
5843
5857
5863
5891
5897
5903
5906
5914
5917
5917
5919
5948
5968
5974
5975
5986
5996
6000
6033
6034
6036
6058
6064
6075
6083
6084
6125
6132
6166
6172
6172
6212
6222
6236
6246
6249
6249
6250
6257
6263
6271
6274
6275
6276
6296
6311
6311
6329
6339
6378
6396
6401
6436
6442
6450
6468
6469
6470
6488
6499
6525
6541
6545
6551
6560
6566
6607
6618
6620
6641
6653
6655
6666
6668
6694
6696
6719
6726
6767
6787
6791
6796
6822
6824
6826
6844
6850
6850
6851
6866
6872
6873
6873
6877
6881
6902
6947
6956
6959
6979
6999
7006
7014
7014
7015
7015
7022
7034
7068
7068
7070
7075
7098
7101
7105
7118
7121
7132
7133
7135
7136
7144
7166
7169
7179
7183
7192
7216
7231
7240
7247
7252
7254
7257
7257
7264
7269
7270
7275
7277
7281
7289
7331
7338
7341
7361
7369
7378
7381
7411
7420
7438
7441
7444
7450
7453
7464
7469
7470
7470
7481
7501
7502
7505
7533
7553
7560
7561
7567
7569
7570
7579
7581
7585
7586
7593
7609
7629
7631
7638
7643
7646
7660
7674
7693
7698
7716
7736
7747
7748
7765
7773
7780
7782
7789
7801
7821
7826
7833
7835
7835
7844
7845
7849
7852
7867
7876
7883
7883
7888
7905
7907
7944
7954
7958
7975
8010
8040
8054
8058
8079
8104
8108
8113
8121
8130
8135
8156
8171
8174
8186
8187
8196
8207
8207
8220
8225
8242
8256
8263
8264
8274
8283
8290
8295
8300
8301
8309
8320
8326
8339
8363
8363
8368
8383
8399
8412
8433
8433
8435
8435
8436
8448
8451
8463
8472
8483
8490
8500
8507
8517
8536
8548
8561
8565
8566
8577
8600
8614
8615
8618
8623
8628
8678
8692
8706
8707
8711
8736
8742
8750
8764
8775
8791
8801
8813
8815
8828
8835
8840
8841
8858
8861
8874
8880
8907
8927
8931
8942
8949
8949
8962
8977
8998
9006
9011
9025
9033
9041
9049
9057
9071
9103
9103
9118
9118
9119
9119
9125
9141
9153
9191
9222
9224
9225
9250
9264
9281
9293
9296
9300
9311
9329
9340
9344
9345
9346
9348
9351
9352
9353
9354
9357
9364
9366
9369
9370
9380
9385
9393
9393
9410
9412
9413
9431
9434
9446
9451
9461
9473
9486
9488
9493
9500
9500
9503
9506
9514
9526
9534
9555
9561
9578
9580
9584
9589
9592
9593
9601
9601
9602
9611
9615
9625
9626
9637
9648
9650
9678
9681
9701
9701
9707
9709
9710
9717
9718
9720
9730
9742
9745
9758
9761
9776
9789
9790
9791
9801
9807
9809
9820
9828
9832
9835
9844
9867
9870
9873
9894
9895
9900
9914
9925
9928
9929
9945
9948
9959
9977
9981
9986
9987
10038
10043
10050
10054
10057
10057
10067
10073
10076
10092
10123
10131
10131
10134
10138
10139
10160
10160
10173
10187
10192
10195
10209
10231
10241
10255
10257
10269
10272
10274
10313
10367
10384
10397
10412
10489
10492
10526
10527
10533
10539
10553
10555
10566
10582
10590
10597
10618
10628
10630
10679
10682
10693
10694
10695
10716
10717
10719
10747
10774
10775
10785
10829
10853
10862
10870
10874
10876
10886
10897
10898
10899
10908
10918
10934
10952
10957
10969
10972
10975
10997
10999
11007
11007
11022
11024
11025
11052
11055
11060
11063
11070
11076
11082
11107
11111
11114
11121
11124
11142
11144
11145
11145
11177
11177
11184
11197
11208
11216
11224
11226
11242
11257
11270
11286
11291
11319
11345
11357
11370
11397
11407
11411
11414
11431
11441
11453
11456
11457
11464
11468
11478
11496
11497
11526
11532
11535
11536
11543
11543
11548
11553
11564
11567
11582
11584
11590
11608
11613
11616
11633
11637
11639
11648
11672
11673
11678
11679
11691
11705
11711
11720
11731
11749
11761
11774
11784
11798
11814
11816
11838
11840
11890
11903
11919
11929
11931
11932
11933
11949
11951
11956
11965
11974
11996
11996
12010
12012
12029
12053
12058
12073
12090
12107
12145
12158
12165
12175
12193
12205
12245
12248
12279
12291
12309
12321
12381
12392
12393
12422
12427
12433
12444
12474
12477
12514
12531
12538
12542
12553
12556
12570
12575
12577
12611
12629
12635
12666
12679
12707
12737
12740
12741
12760
12766
12768
12775
12778
12784
12802
12820
12851
12862
12873
12875
12876
12878
12893
12896
12905
12909
12983
12984
12993
12998
13000
13002
13004
13006
13006
13010
13029
13049
13049
13053
13057
13099
13104
13113
13121
13138
13152
13154
13155
13161
13173
13192
13223
13251
13267
13270
13285
13287
13292
13301
13307
13340
13353
13359
13364
13383
13404
13407
13431
13440
13444
13458
13460
13469
13472
13484
13498
13506
13509
13516
13527
13543
13547
13547
13564
13580
13585
13596
13635
13644
13651
13663
13666
13671
13676
13679
13694
13716
13733
13736
13754
13756
13766
13767
13769
13800
13805
13814
13823
13828
13837
13839
13843
13844
13845
13860
13881
13906
13907
13915
13923
13924
13966
13986
13995
14002
14013
14028
14040
14061
14062
14067
14073
14087
14092
14101
14131
14146
14149
14176
14208
14228
14237
14274
14277
14281
14289
14293
14309
14317
14317
14318
14318
14336
14343
14347
14353
14369
14373
14377
14389
14400
14406
14408
14412
14428
14430
14432
14439
14454
14468
14470
14481
14486
14497
14514
14540
14541
14547
14549
14551
14597
14601
14603
14604
14659
14673
14673
14673
14680
14711
14715
14716
14718
14724
14725
14735
14736
14740
14741
14745
14751
14764
14765
14774
14775
14783
14788
14830
14846
14861
14864
14868
14903
14911
14923
14937
14956
14963
14971
14975
14977
15026
15028
15047
15088
15095
15099
15106
15126
15129
15131
15134
15155
15170
15229
15232
15253
15253
15256
15264
15269
15282
15284
15287
15308
15312
15319
15320
15321
15325
15339
15361
15364
15373
15395
15398
15414
15424
15446
15454
15467
15472
15486
15502
15503
15528
15535
15542
15544
15555
15557
15591
15599
15600
15616
15619
15625
15627
15627
15636
15651
15651
15653
15658
15658
15660
15662
15664
15664
15675
15707
15708
15723
15724
15728
15734
15741
15741
15757
15761
15763
15769
15770
15799
15808
15819
15822
15833
15839
15860
15886
15903
15907
15913
15914
15918
15934
15935
15937
15939
15952
15971
15985
15985
15989
15989
15990
15999
16002
16003
16008
16023
16032
16033
16045
16053
16071
16080
16080
16089
16089
16091
16119
16120
16134
16136
16142
16177
16178
16179
16182
16184
16194
16214
16235
16251
16258
16276
16278
16282
16306
16328
16339
16358
16365
16406
16413
16441
16441
16471
16471
16483
16510
16512
16539
16553
16564
16576
16585
16617
16627
16666
16672
16679
16683
16692
16696
16703
16706
16722
16724
16732
16749
16750
16755
16770
16770
16771
16785
16791
16807
16812
16833
16842
16850
16852
16852
16857
16871
16871
16877
16878
16889
16890
16907
16914
16919
16931
16958
17018
17026
17026
17026
17058
17078
17082
17093
17107
17118
17145
17162
17163
17171
17177
17183
17188
17201
17202
17202
17208
17213
17218
17218
17219
17221
17226
17228
17271
17272
17276
17308
17315
17324
17336
17342
17373
17384
17388
17404
17408
17428
17430
17431
17436
17441
17455
17470
17479
17487
17521
17525
17526
17551
17564
17569
17569
17577
17615
17649
17665
17679
17681
17693
17704
17713
17716
17739
17748
17753
17769
17770
17770
17773
17794
17796
17797
17798
17800
17811
17845
17864
17873
17874
17888
17896
17911
17917
17917
17918
17923
17943
17948
17952
17955
17965
17974
18013
18037
18050
18067
18079
18080
18081
18087
18090
18116
18117
18137
18138
18153
18154
18155
18193
18207
18216
18216
18225
18227
18229
18239
18240
18257
18260
18261
18266
18275
18282
18290
18297
18298
18302
18310
18321
18335
18335
18340
18347
18364
18415
18423
18426
18430
18441
18450
18463
18464
18483
18493
18498
18518
18528
18529
18546
18548
18571
18577
18585
18590
18593
18594
18622
18637
18643
18643
18643
18658
18672
18682
18712
18723
18731
18733
18734
18746
18757
18765
18766
18775
18782
18801
18802
18819
18824
18827
18831
18836
18837
18842
18848
18869
18877
18884
18896
18905
18911
18919
18921
18921
18932
18941
18950
18953
18963
18966
18996
19007
19011
19019
19022
19029
19032
19032
19043
19053
19065
19076
19078
19084
19085
19097
19117
19117
19121
19124
19137
19138
19153
19154
19159
19163
19165
19168
19169
19178
19179
19183
19189
19201
19202
19204
19245
19251
19254
19256
19264
19275
19284
19286
19309
19320
19327
19329
19337
19340
19363
19377
19387
19399
19408
19418
19422
19425
19436
19447
19448
19459
19474
19475
19479
19498
19499
19521
19536
19542
19561
19562
19562
19582
19592
19604
19605
19627
19633
19639
19642
19645
19646
19656
19687
19692
19696
19699
19702
19708
19719
19725
19726
19732
19752
19757
19763
19763
19768
19773
19783
19785
19789
19818
19824
19838
19856
19860
19860
19869
19872
19877
19880
19885
19892
19931
19942
19949
19964
19971
19976
19977
19978
19985
20020
20034
20036
20036
20050
20066
20083
20088
20091
20094
20097
20105
20118
20130
20133
20140
20140
20149
20175
20193
20196
20200
20219
20251
20264
20274
20290
20298
20304
20310
20319
20350
20352
20354
20362
20372
20374
20378
20382
20383
20386
20386
20416
20431
20443
20453
20467
20491
20493
20496
20498
20500
20539
20546
20561
20564
20577
20590
20630
20632
20634
20639
20644
20657
20671
20682
20704
20707
20708
20731
20744
20764
20786
20789
20805
20807
20827
20828
20843
20845
20846
20848
20875
20885
20892
20893
20899
20904
20925
20926
20927
20927
20935
20970
20987
21020
21021
21031
21034
21035
21071
21073
21102
21106
21116
21119
21139
21141
21149
21158
21159
21166
21167
21176
21187
21196
21200
21211
21220
21229
21240
21263
21267
21276
21281
21289
21304
21331
21332
21335
21338
21349
21362
21373
21374
21382
21388
21391
21406
21408
21409
21410
21457
21457
21494
21494
21497
21501
21516
21546
21558
21559
21563
21581
21611
21631
21638
21657
21662
21667
21674
21682
21720
21721
21741
21745
21769
21770
21773
21776
21796
21800
21817
21823
21825
21838
21844
21856
21859
21861
21889
21895
21906
21915
21920
21925
21928
21942
21961
21966
21979
21980
21985
21993
21995
22021
22035
22045
22060
22083
22097
22103
22110
22110
22115
22120
22120
22122
22142
22144
22144
22153
22160
22160
22161
22162
22164
22182
22206
22213
22234
22237
22238
22271
22296
22297
22301
22306
22325
22340
22341
22345
22347
22351
22363
22363
22364
22370
22372
22376
22386
22393
22394
22395
22406
22407
22410
22423
22423
22425
22428
22435
22437
22439
22450
22461
22462
22463
22468
22478
22480
22486
22495
22509
22521
22522
22523
22525
22531
22540
22541
22543
22578
22579
22579
22584
22617
22620
22622
22633
22660
22667
22668
22678
22688
22695
22737
22739
22743
22746
22771
22771
22787
22802
22810
22834
22835
22839
22844
22865
22891
22897
22905
22925
22926
22926
22930
22934
22952
22961
22988
22994
22996
23000
23019
23026
23029
23030
23056
23090
23110
23115
23118
23120
23131
23139
23148
23165
23167
23169
23183
23194
23235
23238
23244
23248
23249
23260
23281
23288
23292
23297
23298
23324
23336
23338
23357
23367
23375
23376
23376
23377
23396
23405
23423
23430
23431
23440
23446
23474
23485
23489
23495
23514
23521
23542
23544
23550
23586
23594
23599
23602
23610
23613
23635
23640
23642
23677
23687
23696
23708
23710
23726
23727
23734
23748
23752
23758
23771
23778
23780
23781
23789
23793
23797
23820
23822
23824
23831
23836
23867
23872
23877
23881
23892
23898
23919
23929
23941
23951
23960
23964
23971
23984
23989
24005
24011
24018
24054
24067
24070
24070
24075
24083
24103
24133
24134
24134
24139
24210
24215
24220
24226
24227
24230
24232
24243
24270
24296
24302
24304
24319
24320
24320
24321
24322
24327
24335
24362
24375
24384
24430
24431
24432
24464
24493
24493
24494
24495
24501
24504
24507
24513
24517
24519
24537
24541
24541
24551
24557
24562
24576
24582
24589
24614
24623
24666
24675
24685
24701
24715
24738
24738
24750
24753
24758
24789
24796
24808
24828
24829
24830
24831
24832
24837
24840
24888
24908
24912
24912
24919
24931
24936
24946
24948
24952
24956
24957
25007
25015
25017
25052
25052
25055
25061
25075
25078
25086
25091
25112
25115
25126
25128
25129
25139
25140
25146
25155
25156
25166
25170
25176
25194
25195
25201
25215
25228
25259
25272
25287
25304
25313
25314
25326
25335
25345
25357
25388
25392
25392
25399
25406
25406
25420
25429
25432
25448
25462
25467
25470
25471
25493
25504
25511
25525
25526
25531
25537
25537
25547
25556
25585
25588
25603
25621
25627
25632
25641
25645
25652
25655
25655
25664
25666
25670
25670
25680
25702
25712
25741
25747
25750
25750
25764
25783
25799
25801
25804
25808
25808
25813
25823
25836
25847
25849
25850
25873
25876
25896
25897
25899
25901
25903
25919
25937
25941
25944
25964
25973
25992
25996
26020
26025
26040
26044
26054
26068
26070
26075
26092
26102
26104
26120
26121
26130
26158
26192
26213
26216
26246
26252
26261
26270
26274
26292
26302
26303
26309
26320
26323
26324
26324
26337
26345
26350
26361
26380
26400
26407
26413
26417
26433
26437
26448
26460
26464
26469
26475
26475
26489
26509
26515
26516
26518
26519
26541
26542
26547
26552
26556
26574
26577
26592
26596
26601
26604
26643
26661
26663
26663
26668
26679
26690
26702
26739
26740
26746
26746
26750
26773
26774
26784
26790
26796
26800
26803
26805
26806
26828
26853
26854
26861
26872
26886
26887
26891
26931
26951
26956
26958
26966
26972
26975
26990
26995
26999
27023
27058
27067
27096
27097
27098
27112
27123
27143
27143
27146
27157
27158
27170
27170
27172
27173
27189
27213
27227
27235
27237
27240
27254
27257
27275
27290
27299
27354
27358
27367
27385
27393
27395
27396
27400
27414
27415
27418
27422
27426
27434
27434
27440
27455
27458
27462
27478
27481
27483
27489
27517
27531
27556
27563
27573
27575
27580
27583
27637
27698
27714
27720
27727
27733
27742
27746
27767
27774
27787
27789
27794
27812
27841
27846
27851
27856
27860
27924
27938
27944
27977
28000
28011
28028
28052
28063
28063
28069
28070
28072
28100
28118
28133
28148
28159
28159
28168
28171
28205
28232
28266
28269
28273
28274
28284
28293
28300
28305
28324
28336
28337
28340
28361
28377
28384
28402
28408
28429
28449
28453
28461
28462
28485
28486
28495
28509
28516
28526
28551
28551
28563
28567
28571
28572
28587
28606
28630
28642
28656
28666
28669
28673
28685
28689
28696
28697
28700
28701
28711
28714
28740
28748
28749
28758
28765
28773
28775
28780
28803
28806
28814
28831
28848
28850
28866
28869
28878
28892
28893
28916
28920
28953
28968
28969
28976
28982
28989
28997
29008
29009
29033
29053
29071
29076
29081
29097
29109
29113
29121
29121
29123
29123
29125
29149
29155
29161
29181
29185
29195
29214
29223
29228
29238
29251
29271
29302
29321
29327
29346
29365
29365
29370
29388
29414
29418
29419
29423
29456
29461
29462
29462
29480
29483
29490
29491
29500
29501
29510
29512
29519
29527
29544
29547
29565
29570
29585
29587
29599
29611
29616
29636
29643
29671
29673
29692
29710
29717
29719
29723
29742
29764
29771
29787
29802
29806
29823
29827
29829
29840
29841
29848
29854
29856
29858
29859
29863
29864
29875
29895
29902
29903
29912
29917
29942
29944
29944
29960
29965
29970
30004
30006
30008
30008
30027
30027
30028
30036
30039
30063
30063
30067
30069
30073
30092
30111
30114
30127
30128
30135
30164
30166
30190
30193
30197
30202
30203
30211
30224
30238
30265
30271
30276
30278
30282
30283
30287
30293
30325
30367
30372
30376
30383
30403
30413
30433
30434
30448
30450
30465
30465
30471
30475
30493
30496
30499
30506
30509
30523
30524
30547
30550
30555
30569
30593
30604
30612
30618
30619
30638
30644
30646
30650
30676
30677
30681
30682
30683
30684
30689
30700
30734
30744
30753
30753
30794
30840
30850
30852
30860
30861
30869
30878
30882
30887
30889
30914
30926
30927
30941
30952
30963
30963
30971
30973
30977
30983
30996
30996
31008
31020
31037
31041
31056
31073
31077
31089
31104
31113
31118
31118
31137
31138
31141
31162
31166
31170
31179
31180
31197
31198
31199
31216
31225
31267
31279
31283
31287
31291
31291
31302
31306
31307
31320
31321
31356
31357
31358
31371
31372
31398
31402
31406
31407
31410
31412
31424
31449
31449
31459
31469
31469
31469
31480
31500
31505
31544
31547
31551
31584
31597
31604
31610
31611
31616
31616
31628
31635
31638
31646
31657
31666
31679
31682
31685
31693
31694
31697
31711
31725
31743
31752
31767
31796
31871
31879
31888
31910
31912
31931
31937
31960
31967
31974
31979
31992
31995
32012
32019
32026
32028
32029
32036
32037
32041
32043
32067
32071
32091
32092
32098
32125
32125
32127
32128
32153
32155
32166
32173
32185
32189
32203
32203
32216
32216
32236
32247
32283
32288
32291
32315
32323
32325
32329
32339
32346
32351
32363
32365
32369
32376
32383
32386
32392
32403
32408
32412
32417
32418
32431
32433
32447
32462
32472
32481
32539
32540
32549
32551
32559
32562
32572
32577
32595
32606
32614
32615
32644
32685
32697
32703
32719
32732
32733
32739
32742
32767
32773
32817
32826
32847
32853
32881
32897
32900
32913
32916
32932
32958
32961
32976
32986
32987
33004
33006
33020
33039
33042
33050
33056
33060
33060
33071
33085
33090
33101
33129
33130
33135
33138
33142
33149
33169
33175
33187
33189
33204
33216
33233
33235
33242
33244
33249
33256
33279
33287
33306
33307
33311
33315
33322
33326
33338
33342
33360
33362
33374
33399
33411
33415
33415
33417
33427
33432
33434
33441
33441
33464
33467
33469
33480
33499
33500
33513
33533
33534
33535
33553
33561
33571
33574
33588
33592
33595
33595
33606
33613
33623
33625
33637
33652
33656
33692
33710
33718
33723
33723
33723
33731
33752
33776
33789
33806
33809
33836
33837
33855
33860
33900
33943
33953
33965
33966
33970
33970
33978
34003
34018
34019
34022
34036
34045
34074
34082
34083
34094
34094
34103
34103
34107
34130
34131
34136
34148
34158
34172
34174
34179
34179
34187
34206
34213
34218
34243
34254
34273
34275
34279
34280
34282
34283
34291
34338
34385
34409
34415
34416
34445
34450
34451
34470
34494
34524
34529
34545
34546
34563
34568
34588
34594
34611
34619
34644
34653
34656
34672
34683
34688
34710
34710
34719
34727
34740
34741
34746
34754
34781
34792
34822
34831
34855
34868
34871
34877
34905
34912
34916
34930
34932
34936
34943
34955
34956
34958
34960
34963
34964
34985
34985
34988
34996
35011
35033
35048
35048
35050
35059
35075
35088
35091
35109
35145
35146
35155
35174
35174
35174
35176
35187
35200
35210
35221
35225
35230
35241
35244
35249
35251
35251
35281
35293
35309
35329
35353
35354
35355
35377
35395
35402
35416
35427
35427
35434
35456
35463
35475
35476
35478
35483
35495
35506
35507
35510
35513
35540
35549
35555
35560
35562
35571
35580
35595
35596
35599
35601
35611
35666
35670
35691
35694
35697
35708
35713
35723
35728
35731
35744
35745
35756
35763
35794
35795
35797
35853
35861
35868
35900
35904
35919
35928
35933
35937
35946
35951
35971
35972
35973
35976
35979
35982
35990
36019
36022
36032
36040
36054
36072
36083
36103
36105
36127
36131
36176
36178
36188
36203
36204
36207
36218
36239
36248
36250
36250
36252
36266
36266
36267
36269
36277
36288
36311
36314
36318
36320
36351
36358
36368
36382
36392
36397
36404
36408
36415
36422
36428
36429
36480
36481
36499
36513
36532
36533
36550
36555
36562
36565
36582
36586
36598
36605
36611
36620
36633
36638
36654
36657
36665
36685
36687
36689
36689
36692
36693
36697
36703
36707
36716
36716
36722
36724
36726
36740
36758
36764
36778
36783
36788
36806
36807
36811
36818
36825
36840
36843
36843
36848
36849
36853
36858
36878
36895
36896
36899
36913
36915
36921
36929
36947
36948
36956
36960
36960
36988
36995
37015
37037
37042
37049
37065
37068
37075
37085
37093
37111
37123
37154
37163
37170
37180
37213
37220
37220
37221
37221
37237
37253
37263
37273
37285
37287
37301
37304
37306
37321
37334
37338
37342
37353
37359
37360
37372
37395
37401
37411
37416
37431
37435
37462
37488
37497
37499
37511
37542
37544
37559
37590
37592
37609
37611
37614
37628
37642
37645
37647
37649
37649
37650
37652
37654
37658
37667
37669
37689
37690
37704
37708
37713
37772
37778
37800
37806
37810
37817
37825
37830
37830
37874
37937
37965
37973
37974
37990
38037
38044
38052
38054
38083
38091
38092
38096
38097
38112
38132
38136
38157
38161
38163
38173
38193
38205
38207
38208
38213
38216
38225
38231
38233
38241
38248
38249
38255
38264
38268
38268
38268
38271
38298
38302
38322
38333
38386
38401
38405
38434
38443
38449
38464
38465
38467
38474
38486
38491
38494
38506
38508
38532
38583
38592
38598
38610
38619
38623
38624
38627
38631
38633
38645
38652
38682
38689
38694
38698
38699
38702
38728
38730
38730
38745
38754
38759
38765
38767
38769
38789
38811
38820
38833
38851
38866
38872
38875
38877
38889
38891
38898
38904
38914
38917
38926
38944
38959
38967
38969
38995
39028
39045
39048
39053
39083
39103
39104
39110
39125
39131
39164
39174
39189
39192
39195
39206
39213
39222
39248
39251
39262
39281
39282
39312
39316
39336
39336
39343
39351
39356
39362
39365
39370
39373
39388
39390
39391
39417
39417
39443
39444
39450
39466
39474
39474
39481
39484
39490
39506
39517
39526
39534
39539
39541
39545
39555
39568
39582
39583
39584
39590
39592
39595
39596
39631
39632
39640
39647
39656
39685
39706
39744
39745
39746
39754
39758
39764
39768
39774
39821
39825
39846
39847
39849
39868
39869
39876
39877
39882
39892
39923
39925
39955
39977
39980
39981
39987
39994
39997
40012
40014
40038
40052
40058
40071
40075
40104
40104
40120
40150
40151
40153
40156
40157
40206
40214
40227
40237
40240
40250
40280
40285
40295
40310
40347
40357
40361
40395
40396
40411
40414
40415
40437
40440
40441
40448
40460
40465
40467
40494
40512
40533
40536
40537
40538
40542
40542
40546
40564
40571
40577
40589
40631
40645
40652
40658
40658
40673
40727
40729
40734
40739
40750
40756
40771
40801
40813
40822
40822
40835
40844
40858
40877
40882
40886
40897
40900
40925
40925
40926
40927
40939
40939
40945
40958
40962
40970
40997
41004
41008
41020
41033
41036
41038
41043
41052
41056
41057
41059
41085
41085
41095
41102
41124
41128
41131
41138
41140
41141
41142
41148
41154
41157
41159
41162
41162
41178
41215
41231
41232
41247
41255
41259
41262
41283
41287
41290
41295
41296
41296
41297
41308
41310
41329
41339
41346
41350
41380
41380
41394
41395
41399
41400
41410
41428
41430
41454
41459
41474
41483
41510
41511
41512
41524
41550
41556
41567
41571
41574
41578
41600
41602
41609
41611
41617
41626
41628
41631
41634
41657
41679
41689
41692
41705
41730
41732
41733
41735
41749
41756
41757
41768
41784
41811
41826
41832
41851
41859
41860
41863
41872
41873
41879
41882
41908
41911
41918
41928
41932
41941
41960
41962
41976
41982
42012
42021
42027
42029
42032
42034
42035
42038
42047
42052
42059
42062
42070
42082
42085
42092
42097
42102
42158
42167
42167
42171
42181
42184
42202
42208
42211
42211
42228
42264
42269
42275
42293
42351
42357
42358
42362
42371
42372
42376
42386
42386
42421
42421
42429
42439
42441
42449
42464
42481
42526
42547
42564
42566
42595
42615
42627
42640
42650
42651
42654
42657
42664
42728
42760
42768
42779
42821
42849
42862
42869
42870
42875
42892
42895
42921
42921
42939
42946
42955
42956
42964
42966
42976
42977
42993
43004
43011
43012
43019
43028
43034
43036
43049
43077
43083
43109
43115
43120
43135
43164
43171
43181
43185
43192
43198
43220
43220
43315
43323
43349
43374
43400
43404
43411
43430
43441
43448
43453
43457
43482
43483
43511
43515
43535
43538
43552
43555
43558
43564
43569
43591
43594
43605
43609
43616
43663
43664
43667
43669
43671
43694
43695
43715
43722
43728
43747
43756
43763
43767
43778
43786
43794
43804
43808
43811
43825
43831
43839
43841
43845
43847
43853
43868
43873
43892
43897
43902
43906
43911
43914
43923
43945
43947
43949
43957
43971
43992
44027
44038
44045
44047
44047
44061
44064
44096
44097
44097
44104
44108
44115
44127
44133
44136
44142
44147
44163
44174
44178
44191
44200
44202
44210
44214
44241
44248
44258
44266
44302
44317
44321
44323
44327
44332
44340
44344
44344
44362
44372
44374
44389
44410
44451
44453
44458
44464
44467
44471
44471
44482
44485
44521
44532
44535
44564
44565
44573
44574
44622
44670
44705
44716
44727
44736
44756
44763
44769
44772
44789
44791
44821
44823
44833
44835
44839
44841
44856
44856
44865
44879
44886
44899
44923
44936
44940
44951
44956
44963
44988
44990
45007
45019
45038
45044
45057
45070
45089
45090
45097
45100
45102
45108
45153
45154
45162
45162
45180
45186
45192
45195
45209
45219
45231
45231
45257
45287
45297
45318
45318
45321
45330
45331
45347
45365
45379
45379
45400
45429
45434
45442
45442
45442
45471
45482
45516
45517
45519
45519
45525
45526
45527
45527
45535
45559
45565
45568
45571
45586
45586
45588
45599
45602
45614
45625
45628
45634
45667
45670
45674
45675
45679
45687
45689
45704
45718
45741
45752
45755
45783
45803
45810
45811
45817
45818
45822
45834
45856
45864
45898
45917
45941
45949
45963
45964
45990
45992
46012
46021
46030
46030
46040
46064
46086
46091
46105
46137
46143
46157
46162
46180
46181
46181
46203
46209
46219
46244
46249
46258
46267
46276
46307
46312
46328
46344
46365
46368
46380
46389
46410
46415
46433
46433
46451
46469
46497
46507
46508
46514
46533
46573
46576
46589
46610
46610
46620
46641
46645
46657
46658
46668
46692
46712
46714
46725
46744
46753
46756
46760
46765
46776
46783
46844
46844
46845
46846
46848
46853
46857
46905
46907
46911
46923
46948
46966
46969
46975
46983
46996
47027
47032
47034
47040
47048
47048
47055
47088
47098
47104
47116
47121
47136
47137
47156
47158
47159
47176
47178
47180
47202
47218
47225
47225
47233
47243
47255
47268
47282
47297
47329
47337
47342
47344
47350
47360
47365
47404
47412
47413
47421
47423
47433
47434
47454
47467
47514
47542
47544
47555
47568
47571
47573
47573
47576
47582
47601
47630
47634
47643
47655
47659
47662
47679
47702
47707
47711
47712
47725
47750
47758
47760
47780
47783
47786
47796
47810
47814
47816
47817
47825
47836
47843
47857
47860
47860
47878
47901
47920
47936
47940
47942
47943
47950
47954
47961
47976
47981
47981
47982
47995
47999
48013
48026
48028
48031
48033
48035
48055
48086
48090
48092
48094
48128
48133
48147
48148
48172
48203
48211
48211
48217
48229
48251
48259
48266
48266
48267
48289
48299
48312
48340
48343
48356
48372
48374
48375
48391
48391
48399
48416
48447
48449
48454
48466
48467
48489
48493
48508
48510
48522
48524
48549
48550
48564
48566
48590
48593
48606
48611
48614
48619
48622
48642
48662
48671
48676
48680
48713
48735
48762
48768
48769
48804
48854
48863
48867
48871
48882
48893
48900
48904
48909
48922
48936
48964
48970
48971
48992
48992
49002
49019
49023
49028
49054
49055
49057
49071
49084
49095
49111
49128
49132
49147
49176
49194
49202
49219
49224
49244
49263
49274
49279
49312
49329
49370
49375
49389
49392
49400
49409
49420
49431
49436
49453
49458
49486
49489
49498
49501
49507
49510
49518
49524
49537
49544
49545
49549
49552
49567
49567
49579
49584
49612
49637
49639
49642
49643
49644
49644
49653
49663
49672
49686
49693
49699
49712
49719
49720
49730
49732
49745
49768
49776
49782
49788
49792
49800
49802
49817
49828
49829
49831
49831
49833
49838
49870
49877
49882
49883
49898
49901
49911
49960
49961
49962
49983
49984
49984
50013
50013
50049
50054
50063
50068
50104
50133
50136
50140
50150
50159
50163
50179
50190
50194
50208
50211
50215
50225
50231
50240
50246
50254
50273
50283
50291
50313
50320
50330
50344
50358
50368
50374
50383
50383
50389
50399
50403
50405
50417
50421
50441
50447
50510
50512
50528
50529
50531
50540
50543
50550
50556
50558
50573
50577
50584
50585
50596
50611
50612
50614
50617
50649
50651
50662
50663
50690
50703
50707
50727
50729
50732
50752
50768
50787
50791
50791
50795
50799
50806
50821
50823
50829
50835
50839
50846
50847
50849
50851
50859
50859
50861
50865
50888
50897
50907
50909
50910
50917
50924
50925
50926
50928
50936
50945
50946
50946
50948
50948
50970
50977
50989
51004
51006
51022
51035
51035
51047
51060
51072
51079
51084
51095
51099
51100
51114
51114
51139
51159
51182
51188
51188
51204
51208
51217
51229
51233
51238
51246
51246
51262
51287
51299
51319
51322
51350
51357
51360
51365
51366
51377
51389
51394
51401
51416
51416
51421
51431
51434
51439
51456
51478
51485
51499
51513
51523
51532
51537
51543
51552
51553
51554
51554
51555
51568
51630
51637
51641
51647
51704
51713
51717
51718
51768
51769
51789
51790
51799
51830
51840
51844
51846
51850
51851
51869
51879
51896
51897
51916
51927
51959
51974
51975
51978
51988
51991
51994
52011
52025
52025
52032
52032
52055
52059
52078
52085
52088
52093
52114
52133
52142
52155
52159
52189
52214
52258
52260
52265
52305
52309
52341
52365
52368
52375
52377
52383
52383
52391
52408
52409
52422
52422
52444
52445
52449
52451
52466
52473
52493
52498
52510
52512
52513
52529
52568
52572
52572
52586
52601
52610
52631
52647
52670
52672
52679
52684
52685
52689
52707
52720
52720
52737
52738
52764
52782
52791
52797
52800
52802
52802
52809
52812
52812
52815
52818
52822
52826
52829
52840
52845
52867
52872
52894
52911
52911
52914
52915
52916
52932
52946
52961
52975
52982
52986
52992
52997
52998
53000
53017
53019
53026
53049
53053
53054
53060
53066
53074
53081
53084
53100
53106
53116
53123
53144
53149
53162
53198
53213
53221
53226
53258
53261
53261
53269
53284
53286
53292
53304
53316
53338
53347
53363
53366
53386
53386
53388
53390
53397
53399
53434
53461
53475
53487
53495
53495
53499
53508
53510
53512
53515
53515
53524
53530
53531
53533
53534
53564
53571
53579
53590
53595
53621
53622
53627
53632
53657
53696
53699
53699
53708
53713
53725
53731
53732
53733
53745
53760
53771
53781
53782
53794
53803
53824
53825
53826
53831
53836
53839
53846
53850
53860
53869
53880
53888
53896
53908
53909
53933
53934
53947
53950
53954
53992
54021
54044
54047
54053
54064
54076
54081
54103
54126
54135
54151
54160
54166
54174
54175
54189
54194
54204
54210
54231
54247
54250
54266
54266
54267
54269
54277
54280
54291
54295
54301
54313
54315
54329
54335
54346
54361
54363
54366
54399
54436
54447
54449
54451
54451
54457
54458
54459
54465
54475
54496
54500
54514
54518
54526
54528
54552
54564
54611
54624
54626
54627
54638
54657
54658
54663
54669
54673
54688
54690
54700
54706
54711
54713
54730
54741
54773
54797
54805
54827
54837
54847
54849
54856
54861
54868
54881
54902
54920
54927
54939
54952
54958
54968
54977
54997
55013
55056
55069
55086
55090
55097
55117
55129
55134
55162
55163
55165
55167
55167
55171
55185
55205
55217
55229
55230
55233
55240
55253
55256
55259
55263
55264
55268
55290
55295
55299
55303
55318
55331
55343
55349
55357
55364
55371
55372
55372
55384
55387
55391
55394
55405
55423
55427
55428
55450
55461
55475
55477
55480
55484
55497
55521
55533
55546
55553
55556
55561
55571
55572
55579
55580
55594
55612
55615
55642
55657
55663
55679
55679
55703
55704
55706
55706
55712
55720
55720
55743
55760
55776
55791
55813
55814
55816
55816
55826
55842
55847
55856
55878
55878
55879
55888
55892
55904
55910
55911
55920
55942
55958
55964
55972
55980
55982
55995
56009
56014
56033
56037
56038
56039
56043
56044
56069
56076
56078
56079
56097
56112
56112
56113
56117
56132
56132
56152
56172
56189
56191
56196
56198
56210
56214
56240
56252
56255
56265
56274
56280
56287
56289
56304
56314
56341
56349
56349
56369
56375
56393
56404
56443
56468
56481
56497
56531
56559
56563
56567
56589
56591
56624
56636
56654
56654
56659
56660
56663
56670
56690
56693
56697
56700
56723
56743
56746
56756
56760
56762
56795
56797
56811
56815
56842
56846
56851
56853
56857
56874
56884
56898
56916
56917
56922
56956
56974
56974
56982
56996
56997
57000
57009
57018
57029
57037
57047
57056
57057
57062
57064
57073
57094
57097
57098
57110
57118
57120
57123
57134
57134
57138
57140
57144
57168
57172
57175
57198
57200
57200
57206
57211
57239
57240
57244
57248
57250
57271
57275
57291
57331
57332
57347
57349
57350
57365
57389
57391
57402
57423
57427
57432
57438
57442
57453
57453
57476
57481
57494
57494
57498
57505
57505
57508
57516
57530
57543
57553
57563
57565
57566
57578
57579
57594
57613
57619
57625
57638
57655
57661
57664
57682
57702
57716
57744
57764
57771
57779
57783
57785
57790
57821
57821
57826
57827
57843
57856
57865
57870
57879
57893
57900
57931
57957
57970
57975
57979
57995
58007
58010
58029
58031
58034
58039
58044
58050
58051
58058
58062
58094
58098
58099
58100
58121
58128
58135
58138
58147
58154
58160
58174
58185
58188
58201
58201
58217
58232
58236
58258
58262
58273
58276
58287
58303
58317
58324
58325
58331
58352
58371
58376
58392
58392
58395
58397
58405
58407
58409
58420
58428
58450
58487
58489
58499
58507
58508
58519
58534
58536
58545
58555
58563
58574
58580
58584
58597
58602
58602
58614
58638
58654
58667
58678
58687
58693
58696
58710
58712
58734
58737
58739
58746
58746
58770
58772
58787
58795
58807
58818
58827
58841
58878
58882
58886
58887
58920
58921
58930
58939
58957
58969
58997
59004
59009
59053
59065
59068
59072
59076
59114
59116
59136
59139
59144
59146
59150
59161
59163
59163
59167
59169
59196
59199
59203
59205
59221
59225
59227
59236
59246
59249
59262
59267
59272
59273
59274
59274
59282
59286
59320
59339
59347
59370
59382
59385
59389
59390
59399
59415
59420
59421
59423
59426
59434
59437
59467
59470
59479
59482
59493
59493
59508
59515
59519
59526
59527
59531
59532
59543
59546
59549
59558
59565
59565
59589
59596
59597
59603
59613
59620
59651
59667
59671
59672
59684
59691
59693
59700
59706
59723
59733
59734
59734
59748
59753
59756
59775
59787
59791
59793
59808
59829
59866
59872
59881
59891
59918
59937
59944
59950
59976
60006
60023
60043
60044
60073
60079
60119
60123
60128
60159
60169
60173
60187
60200
60201
60216
60246
60247
60255
60269
60281
60283
60301
60311
60312
60319
60323
60327
60333
60334
60360
60368
60374
60395
60419
60427
60433
60440
60454
60469
60469
60470
60473
60487
60512
60525
60526
60534
60535
60554
60559
60564
60581
60610
60611
60618
60633
60643
60650
60655
60657
60664
60669
60689
60691
60709
60727
60734
60737
60743
60787
60789
60790
60839
60844
60846
60854
60863
60872
60872
60875
60875
60878
60894
60898
60907
60908
60914
60918
60926
60928
60932
60933
60938
60938
60942
60952
60961
60970
60972
60984
61011
61042
61064
61073
61080
61097
61101
61118
61120
61122
61129
61130
61131
61137
61140
61142
61144
61146
61156
61169
61177
61178
61189
61193
61204
61234
61234
61235
61246
61261
61261
61263
61268
61269
61269
61308
61309
61315
61320
61342
61343
61363
61371
61378
61380
61406
61412
61417
61417
61424
61426
61429
61445
61448
61452
61477
61488
61489
61522
61559
61563
61571
61574
61589
61599
61600
61607
61607
61610
61618
61620
61623
61644
61657
61666
61676
61697
61705
61712
61714
61717
61748
61759
61776
61781
61782
61785
61819
61824
61831
61837
61858
61860
61861
61863
61868
61875
61891
61891
61892
61893
61894
61907
61912
61913
61917
61918
61926
61936
61939
61943
61987
62010
62019
62022
62036
62043
62044
62062
62076
62114
62117
62143
62144
62154
62198
62200
62200
62208
62218
62221
62229
62229
62233
62234
62245
62245
62260
62268
62293
62312
62330
62349
62355
62355
62359
62379
62398
62433
62439
62448
62456
62487
62493
62500
62507
62508
62509
62510
62529
62535
62542
62542
62563
62579
62589
62599
62605
62610
62615
62626
62635
62640
62643
62647
62664
62665
62723
62741
62744
62747
62749
62761
62800
62813
62819
62819
62824
62828
62834
62841
62843
62846
62849
62866
62872
62882
62883
62890
62892
62893
62909
62910
62911
62918
62937
62972
62976
62993
63013
63018
63018
63021
63035
63036
63059
63075
63076
63077
63079
63096
63101
63104
63105
63130
63148
63159
63185
63200
63204
63206
63224
63229
63236
63245
63251
63251
63252
63252
63259
63262
63263
63270
63291
63295
63295
63297
63306
63314
63320
63324
63327
63330
63336
63338
63343
63343
63345
63347
63348
63350
63350
63364
63375
63404
63405
63429
63431
63437
63438
63462
63470
63471
63488
63505
63517
63544
63548
63553
63569
63576
63578
63584
63608
63612
63619
63620
63638
63661
63663
63683
63689
63702
63715
63720
63729
63734
63742
63743
63743
63745
63749
63751
63775
63785
63791
63800
63804
63808
63809
63825
63831
63835
63836
63841
63846
63850
63899
63901
63901
63912
63916
63919
63928
63975
63991
64020
64023
64025
64028
64043
64054
64080
64082
64097
64099
64109
64144
64144
64154
64168
64172
64193
64206
64222
64230
64261
64262
64272
64279
64289
64307
64310
64310
64312
64317
64322
64322
64326
64340
64353
64369
64371
64389
64389
64401
64402
64410
64440
64461
64490
64515
64516
64523
64528
64533
64535
64536
64547
64550
64552
64555
64557
64573
64576
64578
64589
64604
64608
64617
64632
64634
64647
64653
64686
64688
64692
64724
64724
64739
64747
64748
64754
64781
64784
64801
64835
64838
64863
64869
64914
64916
64918
64926
64932
64932
64934
64955
64970
64984
64992
65012
65018
65019
65063
65071
65075
65089
65098
65108
65141
65150
65159
65167
65194
65219
65221
65242
65250
65260
65260
65268
65274
65279
65284
65292
65297
65297
65313
65326
65336
65337
65338
65360
65362
65368
65368
65369
65376
65380
65382
65398
65402
65407
65416
65425
65446
65479
65484
65501
65503
65507
65518
65549
65551
65561
65567
65571
65593
65596
65601
65618
65619
65649
65660
65672
65695
65696
65700
65701
65701
65720
65735
65745
65745
65745
65753
65753
65761
65787
65792
65795
65803
65806
65811
65825
65827
65830
65839
65839
65840
65871
65892
65895
65895
65901
65912
65920
65933
65948
65956
65971
65993
66003
66006
66022
66058
66059
66113
66126
66152
66158
66165
66181
66193
66200
66213
66229
66243
66245
66261
66285
66295
66299
66310
66319
66323
66324
66332
66335
66338
66353
66359
66368
66400
66437
66439
66442
66445
66451
66456
66476
66478
66509
66511
66528
66579
66597
66598
66609
66611
66623
66629
66631
66637
66655
66663
66666
66680
66681
66687
66689
66698
66708
66712
66720
66721
66723
66735
66737
66753
66758
66760
66782
66798
66827
66833
66835
66841
66853
66859
66864
66867
66876
66889
66890
66899
66899
66910
66929
66932
66935
66945
66958
66971
66986
66991
66995
66997
67000
67004
67029
67035
67048
67048
67055
67067
67069
67071
67090
67091
67111
67117
67123
67135
67137
67144
67149
67159
67184
67185
67188
67213
67216
67221
67235
67236
67247
67256
67270
67322
67327
67335
67343
67379
67386
67391
67408
67431
67434
67438
67439
67467
67477
67481
67494
67497
67502
67505
67515
67519
67523
67529
67537
67551
67561
67566
67568
67570
67582
67585
67595
67656
67666
67673
67682
67686
67694
67711
67713
67720
67742
67745
67750
67754
67760
67770
67775
67786
67796
67800
67807
67857
67863
67867
67880
67882
67887
67888
67902
67904
67914
67940
67970
67975
68015
68052
68063
68083
68102
68118
68125
68164
68168
68174
68210
68217
68219
68257
68267
68288
68296
68298
68330
68338
68368
68374
68374
68379
68385
68397
68410
68414
68445
68445
68450
68451
68453
68456
68456
68461
68481
68498
68503
68513
68531
68541
68542
68550
68576
68609
68634
68636
68636
68644
68650
68651
68656
68658
68676
68698
68699
68713
68717
68720
68733
68744
68746
68751
68756
68756
68766
68791
68793
68800
68807
68844
68875
68879
68888
68913
68924
68959
68965
68967
68996
69000
69000
69005
69028
69035
69057
69059
69061
69083
69088
69089
69122
69125
69126
69126
69128
69128
69129
69146
69157
69164
69196
69206
69221
69222
69223
69237
69247
69251
69254
69262
69262
69292
69295
69305
69314
69314
69347
69375
69389
69393
69405
69414
69417
69418
69422
69446
69452
69467
69468
69477
69480
69494
69502
69505
69506
69511
69555
69563
69573
69580
69580
69586
69587
69636
69665
69666
69675
69683
69684
69731
69750
69769
69790
69797
69809
69825
69826
69829
69852
69855
69859
69863
69877
69879
69895
69899
69913
69913
69922
69923
69924
69924
69927
69943
69962
69999
70005
70010
70010
70021
70028
70043
70048
70080
70108
70126
70135
70139
70141
70148
70164
70166
70168
70183
70186
70202
70205
70211
70212
70214
70219
70223
70238
70240
70242
70245
70253
70257
70271
70277
70281
70297
70301
70301
70304
70316
70335
70359
70376
70399
70406
70408
70408
70420
70435
70450
70463
70468
70470
70508
70523
70528
70538
70548
70549
70550
70559
70559
70564
70575
70580
70592
70594
70607
70608
70656
70664
70677
70677
70679
70697
70700
70702
70708
70709
70731
70735
70742
70755
70790
70795
70799
70806
70834
70845
70859
70865
70878
70893
70904
70917
70922
70925
70927
70929
70929
70942
70945
70949
70951
70972
70974
70975
70984
70998
71003
71011
71027
71052
71057
71061
71077
71092
71109
71121
71139
71171
71180
71197
71197
71200
71208
71216
71219
71220
71236
71249
71260
71279
71281
71294
71303
71311
71316
71319
71319
71327
71352
71363
71364
71368
71380
71387
71388
71388
71435
71437
71452
71453
71456
71473
71478
71480
71496
71502
71502
71512
71518
71523
71531
71549
71563
71567
71578
71588
71599
71610
71621
71647
71661
71664
71683
71688
71693
71739
71747
71767
71777
71790
71793
71814
71818
71835
71835
71858
71858
71873
71875
71897
71927
71940
71945
71973
71993
72000
72016
72038
72063
72068
72071
72079
72080
72113
72123
72126
72132
72136
72157
72176
72196
72199
72213
72220
72222
72247
72253
72262
72265
72270
72272
72304
72331
72333
72379
72381
72400
72412
72413
72413
72423
72428
72446
72468
72470
72473
72483
72485
72490
72505
72513
72523
72527
72530
72601
72603
72611
72627
72653
72662
72701
72701
72709
72714
72720
72735
72743
72786
72800
72807
72808
72824
72839
72852
72863
72867
72872
72872
72879
72882
72884
72903
72909
72912
72919
72928
72928
72951
72957
72958
72959
72982
72982
73003
73005
73014
73023
73024
73032
73038
73039
73042
73053
73059
73059
73085
73099
73105
73114
73123
73127
73164
73203
73222
73229
73244
73248
73291
73295
73312
73313
73335
73337
73339
73357
73358
73373
73375
73388
73390
73396
73399
73414
73420
73428
73430
73444
73451
73482
73483
73485
73490
73498
73505
73518
73532
73546
73555
73558
73571
73575
73580
73595
73602
73607
73629
73633
73634
73654
73661
73675
73676
73677
73693
73695
73710
73719
73720
73736
73741
73752
73759
73779
73785
73798
73799
73831
73835
73853
73857
73857
73877
73884
73888
73888
73897
73901
73922
73931
73983
73986
73988
73989
73996
74007
74017
74033
74033
74037
74040
74053
74054
74065
74066
74075
74075
74101
74104
74105
74107
74107
74110
74118
74119
74124
74127
74132
74142
74143
74158
74169
74170
74176
74179
74191
74197
74210
74227
74232
74244
74247
74258
74262
74286
74299
74307
74316
74319
74320
74373
74375
74387
74435
74435
74457
74480
74482
74492
74495
74499
74503
74547
74574
74586
74593
74605
74615
74624
74637
74643
74662
74662
74688
74690
74708
74709
74710
74716
74723
74723
74736
74748
74749
74773
74780
74783
74795
74812
74814
74820
74824
74852
74861
74862
74864
74873
74880
74885
74905
74923
74932
74937
74940
74942
74952
74960
74970
74983
74991
75016
75022
75029
75030
75058
75060
75070
75093
75093
75098
75125
75138
75155
75160
75169
75171
75189
75212
75223
75226
75229
75232
75244
75245
75248
75255
75268
75273
75274
75299
75300
75302
75307
75337
75350
75385
75387
75388
75390
75402
75402
75404
75408
75410
75413
75429
75440
75440
75450
75453
75470
75471
75487
75491
75499
75514
75516
75516
75526
75552
75555
75558
75559
75578
75585
75606
75614
75615
75621
75642
75648
75662
75668
75671
75686
75702
75729
75739
75740
75750
75754
75774
75783
75831
75837
75861
75870
75872
75875
75887
75893
75894
75894
75898
75901
75905
75907
75908
75910
75916
75917
75917
75944
75949
75953
75959
75964
75968
75975
75978
75986
76009
76018
76020
76021
76044
76059
76069
76079
76083
76086
76098
76110
76123
76127
76138
76154
76158
76161
76199
76205
76210
76223
76223
76232
76264
76268
76278
76282
76302
76304
76316
76336
76337
76349
76354
76358
76376
76376
76380
76390
76403
76431
76441
76441
76474
76477
76480
76486
76487
76494
76498
76502
76512
76512
76513
76515
76517
76529
76529
76535
76574
76583
76595
76602
76603
76612
76624
76632
76637
76644
76651
76655
76656
76658
76662
76715
76723
76731
76742
76752
76753
76756
76760
76777
76788
76789
76792
76795
76800
76812
76826
76835
76837
76855
76860
76875
76957
76960
76967
76995
76999
77005
77010
77017
77018
77022
77023
77032
77034
77043
77076
77077
77078
77087
77090
77108
77118
77124
77146
77152
77153
77156
77156
77165
77174
77206
77231
77288
77292
77324
77343
77363
77363
77368
77370
77373
77385
77385
77386
77391
77399
77401
77404
77407
77419
77445
77450
77454
77456
77458
77465
77470
77493
77509
77510
77513
77530
77548
77559
77568
77584
77597
77606
77616
77618
77632
77636
77652
77654
77657
77671
77682
77689
77721
77725
77731
77731
77736
77744
77748
77763
77781
77797
77807
77819
77819
77821
77824
77827
77853
77853
77856
77858
77860
77881
77885
77890
77901
77939
77941
77949
77952
77953
77997
78006
78027
78037
78053
78072
78073
78086
78093
78094
78125
78156
78166
78168
78184
78198
78203
78204
78205
78268
78275
78278
78293
78320
78338
78342
78352
78357
78366
78370
78394
78435
78436
78453
78463
78467
78471
78481
78497
78503
78522
78525
78529
78531
78547
78548
78571
78585
78603
78616
78616
78648
78663
78676
78678
78681
78686
78719
78723
78726
78726
78729
78752
78762
78775
78776
78793
78826
78830
78851
78853
78865
78867
78874
78889
78894
78903
78906
78941
78942
78946
78951
78956
78960
78961
78973
78976
78981
78993
78998
79000
79003
79024
79039
79049
79050
79056
79060
79073
79090
79092
79098
79123
79125
79137
79154
79165
79171
79181
79184
79189
79198
79205
79212
79231
79242
79258
79283
79321
79322
79356
79366
79401
79408
79411
79417
79421
79425
79429
79441
79447
79452
79455
79478
79479
79491
79496
79511
79518
79528
79566
79576
79605
79622
79624
79626
79628
79631
79632
79660
79661
79676
79681
79694
79696
79696
79718
79730
79746
79774
79778
79803
79805
79822
79823
79831
79835
79838
79843
79857
79861
79877
79887
79887
79892
79946
79951
79978
79983
79998
80014
80021
80029
80029
80060
80071
80078
80079
80123
80134
80158
80164
80186
80187
80204
80209
80213
80232
80233
80239
80240
80256
80262
80277
80284
80287
80290
80316
80322
80330
80338
80338
80378
80405
80409
80411
80413
80423
80428
80429
80445
80451
80455
80461
80475
80475
80482
80492
80512
80519
80522
80525
80561
80565
80570
80592
80594
80617
80639
80645
80663
80664
80681
80689
80709
80715
80718
80726
80729
80748
80772
80787
80813
80817
80832
80844
80847
80851
80858
80869
80882
80887
80910
80915
80916
80919
80919
80926
80928
80946
80955
80957
80959
80996
81008
81031
81038
81044
81052
81054
81057
81067
81074
81102
81121
81130
81138
81147
81169
81169
81198
81204
81213
81227
81232
81236
81237
81240
81268
81268
81274
81286
81294
81342
81342
81350
81355
81357
81362
81376
81386
81387
81390
81417
81424
81428
81433
81457
81459
81488
81502
81507
81512
81533
81546
81551
81555
81563
81571
81577
81578
81587
81588
81647
81657
81658
81661
81675
81686
81688
81698
81700
81701
81713
81719
81721
81722
81722
81729
81747
81748
81750
81762
81776
81782
81782
81784
81791
81809
81844
81845
81850
81863
81867
81879
81890
81891
81894
81901
81911
81911
81914
81924
81925
81940
81941
81951
81956
81984
81990
81998
82008
82012
82013
82027
82044
82056
82077
82077
82087
82100
82108
82111
82112
82128
82130
82135
82135
82157
82158
82171
82185
82195
82196
82200
82203
82214
82215
82224
82225
82231
82232
82243
82251
82262
82283
82295
82304
82317
82321
82364
82381
82383
82407
82409
82413
82439
82441
82449
82498
82498
82509
82557
82560
82560
82569
82587
82611
82612
82625
82641
82643
82653
82655
82688
82698
82711
82719
82723
82727
82738
82739
82755
82756
82757
82760
82772
82775
82795
82804
82805
82814
82818
82818
82819
82829
82836
82849
82861
82862
82862
82889
82893
82902
82904
82907
82909
82912
82915
82922
82924
82926
82947
82969
82971
83041
83042
83043
83058
83072
83074
83083
83098
83099
83124
83127
83141
83142
83150
83157
83177
83188
83239
83241
83242
83257
83272
83274
83294
83335
83336
83359
83369
83381
83385
83386
83401
83403
83411
83436
83437
83437
83445
83473
83482
83510
83514
83521
83534
83544
83549
83555
83590
83600
83602
83603
83629
83634
83647
83648
83660
83667
83669
83681
83694
83695
83696
83734
83747
83753
83791
83801
83814
83825
83831
83831
83846
83849
83851
83854
83870
83870
83875
83891
83895
83905
83920
83932
83933
83936
83937
83944
83950
83981
83982
83986
83987
84015
84016
84022
84061
84084
84092
84094
84101
84101
84103
84109
84115
84127
84128
84139
84154
84157
84173
84177
84185
84200
84204
84209
84217
84239
84242
84244
84246
84248
84248
84255
84266
84273
84275
84276
84282
84287
84296
84300
84336
84347
84362
84363
84371
84377
84383
84392
84402
84404
84420
84422
84426
84427
84432
84436
84439
84445
84461
84508
84535
84535
84558
84560
84590
84591
84596
84601
84602
84616
84657
84657
84662
84665
84692
84702
84719
84720
84730
84731
84737
84742
84743
84747
84763
84780
84782
84801
84811
84838
84865
84874
84876
84889
84896
84911
84911
84915
84933
84952
84971
84982
84984
84998
85024
85072
85078
85080
85086
85088
85091
85102
85102
85102
85108
85124
85133
85141
85145
85155
85160
85167
85168
85191
85196
85216
85226
85237
85253
85267
85270
85272
85286
85290
85298
85305
85311
85316
85362
85365
85375
85376
85376
85378
85383
85393
85402
85403
85411
85420
85428
85439
85446
85493
85497
85531
85537
85546
85552
85559
85562
85600
85603
85604
85608
85610
85623
85636
85640
85642
85651
85652
85680
85692
85711
85713
85724
85745
85757
85757
85760
85792
85795
85801
85812
85823
85847
85847
85854
85865
85870
85875
85881
85885
85909
85916
85926
85957
85965
85975
85995
86001
86006
86028
86031
86040
86058
86072
86083
86097
86133
86135
86139
86142
86159
86163
86178
86181
86184
86193
86201
86214
86230
86241
86242
86249
86254
86263
86266
86269
86286
86294
86308
86311
86336
86345
86350
86392
86398
86446
86474
86479
86481
86492
86512
86513
86531
86532
86533
86534
86553
86556
86569
86575
86577
86581
86596
86606
86622
86624
86640
86649
86653
86658
86672
86676
86678
86688
86695
86698
86720
86723
86726
86738
86748
86749
86753
86756
86766
86771
86773
86784
86785
86798
86804
86864
86877
86878
86883
86889
86919
86927
86932
86943
86964
86985
86994
86996
86997
87001
87007
87013
87020
87037
87039
87044
87045
87056
87074
87086
87090
87092
87096
87106
87108
87113
87138
87149
87149
87180
87183
87183
87204
87205
87208
87209
87222
87223
87248
87249
87257
87261
87269
87274
87276
87279
87280
87285
87300
87311
87316
87320
87323
87336
87340
87389
87392
87396
87404
87413
87415
87427
87433
87447
87454
87455
87476
87499
87526
87537
87544
87559
87562
87566
87567
87576
87589
87589
87615
87616
87616
87623
87641
87643
87649
87672
87681
87705
87708
87710
87714
87720
87721
87725
87727
87732
87733
87742
87748
87752
87757
87757
87762
87764
87767
87815
87821
87828
87828
87830
87838
87846
87853
87860
87868
87873
87878
87881
87882
87890
87907
87911
87937
87947
87947
87962
87975
87983
88001
88018
88035
88039
88043
88062
88063
88100
88116
88121
88123
88143
88148
88168
88178
88189
88204
88208
88215
88222
88227
88229
88229
88235
88245
88246
88247
88253
88255
88262
88272
88277
88284
88284
88298
88298
88304
88316
88318
88321
88327
88329
88340
88342
88343
88348
88357
88358
88368
88376
88391
88401
88425
88434
88435
88437
88442
88456
88460
88463
88474
88476
88493
88515
88517
88531
88535
88537
88548
88554
88566
88566
88580
88586
88603
88604
88607
88622
88624
88624
88635
88644
88645
88647
88648
88669
88677
88686
88689
88697
88719
88735
88742
88750
88750
88779
88788
88789
88801
88806
88811
88823
88831
88846
88852
88869
88869
88873
88883
88885
88912
88915
88927
88946
88948
88953
88980
88982
89000
89001
89041
89047
89049
89051
89053
89057
89078
89080
89085
89095
89099
89132
89143
89143
89150
89177
89180
89195
89200
89249
89254
89266
89284
89288
89292
89296
89309
89312
89318
89345
89347
89355
89367
89369
89378
89386
89396
89397
89410
89428
89430
89431
89454
89459
89467
89473
89495
89511
89513
89533
89534
89539
89554
89572
89580
89585
89597
89608
89622
89623
89631
89633
89636
89652
89660
89672
89672
89687
89725
89742
89745
89746
89765
89788
89790
89820
89820
89824
89831
89842
89847
89857
89867
89869
89870
89872
89875
89877
89884
89886
89891
89905
89978
90001
90010
90019
90031
90043
90045
90058
90066
90076
90081
90082
90109
90109
90129
90132
90135
90169
90170
90173
90177
90177
90196
90209
90251
90254
90257
90259
90292
90293
90294
90300
90326
90326
90354
90358
90360
90365
90374
90382
90383
90397
90422
90426
90427
90430
90431
90432
90435
90453
90484
90487
90489
90495
90500
90503
90525
90529
90529
90529
90534
90541
90546
90547
90573
90573
90581
90603
90618
90644
90663
90664
90668
90681
90691
90697
90702
90723
90726
90733
90735
90742
90745
90746
90750
90762
90765
90767
90770
90794
90817
90819
90828
90851
90853
90853
90863
90871
90883
90895
90898
90898
90904
90911
90912
90929
90931
90934
90954
90972
90997
91004
91019
91021
91026
91027
91054
91083
91089
91092
91158
91168
91192
91198
91212
91218
91226
91229
91249
91253
91256
91263
91271
91284
91289
91296
91311
91312
91316
91321
91322
91325
91333
91348
91353
91359
91378
91382
91387
91400
91412
91434
91445
91446
91448
91450
91452
91457
91460
91469
91481
91493
91494
91497
91536
91546
91555
91558
91580
91600
91629
91659
91673
91698
91701
91706
91713
91752
91756
91756
91759
91766
91769
91844
91859
91860
91864
91880
91881
91883
91883
91897
91902
91906
91918
91939
91957
91969
91981
91987
91991
91991
91995
92017
92026
92036
92046
92059
92059
92061
92061
92061
92070
92073
92103
92113
92118
92119
92135
92172
92175
92182
92195
92213
92223
92224
92242
92246
92260
92268
92277
92317
92340
92370
92373
92417
92423
92423
92429
92456
92478
92483
92483
92500
92504
92539
92570
92601
92631
92648
92658
92685
92685
92708
92710
92712
92723
92724
92727
92738
92744
92748
92765
92775
92788
92809
92815
92838
92839
92846
92861
92864
92868
92870
92878
92903
92919
92938
92941
92941
92969
92971
92978
92982
92989
92993
92997
93032
93035
93036
93037
93042
93053
93066
93066
93070
93076
93082
93085
93088
93103
93114
93117
93130
93146
93162
93164
93172
93191
93192
93210
93210
93224
93252
93254
93277
93280
93305
93324
93326
93352
93354
93357
93392
93393
93413
93420
93424
93425
93428
93441
93443
93463
93495
93497
93510
93520
93544
93545
93573
93577
93581
93581
93586
93597
93611
93624
93628
93676
93692
93692
93692
93697
93699
93705
93716
93716
93718
93725
93727
93738
93746
93752
93753
93754
93781
93783
93784
93786
93816
93827
93843
93848
93857
93861
93862
93866
93868
93880
93889
93889
93898
93907
93951
93955
93958
93963
93969
93975
93988
93996
94009
94019
94022
94028
94030
94032
94049
94071
94081
94085
94097
94098
94100
94118
94124
94125
94132
94135
94143
94153
94156
94159
94173
94177
94188
94191
94193
94219
94226
94246
94258
94258
94283
94296
94302
94307
94315
94328
94331
94340
94347
94359
94383
94397
94402
94409
94417
94426
94434
94436
94453
94463
94475
94497
94536
94566
94570
94586
94592
94599
94602
94611
94614
94640
94644
94648
94662
94669
94675
94678
94680
94692
94693
94703
94713
94729
94730
94738
94743
94744
94745
94758
94774
94787
94793
94808
94810
94829
94862
94870
94881
94900
94907
94910
94932
94932
94941
94952
94955
94958
94973
94981
94988
95025
95034
95063
95069
95093
95098
95100
95118
95136
95146
95154
95155
95159
95161
95165
95167
95193
95196
95207
95214
95247
95254
95262
95272
95277
95300
95303
95335
95344
95357
95358
95363
95376
95388
95390
95403
95404
95427
95434
95439
95446
95461
95486
95486
95512
95541
95638
95654
95654
95663
95684
95689
95689
95694
95706
95714
95719
95720
95720
95739
95745
95750
95767
95777
95796
95807
95810
95812
95814
95839
95847
95857
95900
95907
95918
95924
95932
95933
95935
95938
95950
95964
95964
95995
95998
96004
96009
96012
96015
96020
96026
96040
96052
96075
96080
96082
96098
96104
96115
96125
96133
96146
96151
96154
96168
96177
96182
96191
96205
96252
96253
96260
96264
96267
96271
96279
96280
96301
96301
96309
96311
96315
96332
96339
96341
96394
96402
96411
96412
96417
96426
96448
96452
96463
96473
96473
96474
96474
96515
96516
96530
96534
96564
96569
96583
96591
96594
96599
96600
96608
96623
96624
96625
96634
96639
96641
96642
96644
96649
96654
96668
96692
96695
96699
96701
96703
96721
96728
96746
96748
96754
96756
96774
96778
96781
96803
96811
96814
96820
96820
96829
96837
96844
96845
96850
96862
96867
96878
96884
96918
96921
96929
96939
96946
96975
97000
97001
97006
97031
97078
97081
97099
97120
97132
97133
97137
97148
97156
97169
97182
97217
97219
97224
97226
97240
97243
97260
97272
97296
97344
97357
97369
97391
97412
97420
97422
97424
97428
97431
97437
97438
97443
97455
97479
97492
97509
97511
97513
97514
97517
97517
97537
97542
97543
97563
97567
97570
97587
97600
97614
97629
97640
97643
97655
97660
97664
97679
97687
97697
97729
97730
97733
97736
97741
97760
97761
97790
97814
97818
97823
97824
97834
97839
97845
97848
97852
97854
97854
97863
97873
97881
97888
97891
97899
97919
97921
97922
97928
97930
97939
97946
97959
97963
97969
97978
97986
97986
97993
98002
98004
98011
98014
98019
98023
98032
98035
98035
98043
98044
98049
98052
98074
98079
98083
98091
98128
98140
98159
98163
98165
98177
98183
98187
98189
98198
98200
98204
98233
98242
98243
98245
98255
98255
98256
98258
98262
98262
98275
98276
98280
98288
98290
98295
98307
98321
98345
98353
98376
98396
98425
98429
98434
98442
98458
98486
98487
98494
98501
98503
98510
98518
98523
98539
98584
98584
98614
98616
98636
98637
98654
98672
98687
98692
98704
98709
98713
98736
98738
98757
98765
98772
98777
98779
98791
98814
98833
98835
98835
98836
98856
98856
98856
98879
98879
98925
98940
98965
98966
98980
98983
98994
98994
98999
99000
99012
99017
99022
99034
99040
99049
99051
99057
99099
99131
99146
99146
99153
99165
99174
99181
99194
99203
99220
99222
99225
99231
99257
99281
99283
99295
99328
99335
99357
99374
99386
99393
99394
99400
99401
99409
99441
99443
99449
99454
99468
99483
99495
99496
99499
99518
99518
99526
99526
99536
99539
99578
99600
99613
99619
99621
99629
99639
99654
99658
99660
99686
99689
99690
99698
99731
99732
99748
99762
99772
99776
99809
99823
99829
99837
99839
99841
99854
99858
99867
99867
99876
99887
99903
99903
99919
99925
99932
99981
99988
99999
