5
108
237
239
307
391
531
550
571
613
614
669
756
783
858
872
969
1051
1122
1148
1389
1448
1644
1661
1669
1780
1840
1867
1955
1976
2204
2208
2336
2395
2550
2585
2615
2913
2944
3098
3119
3137
3337
3564
3577
3902
3937
4157
4207
4345
4347
4807
4876
4983
5165
5265
5351
5438
5452
5502
5523
5644
5686
5759
5793
6249
6450
6488
6607
6618
6666
6902
7014
7269
7341
7361
7411
7470
7593
7845
8010
8058
8283
8412
8435
8536
8548
8565
8880
9296
9345
9348
9561
9615
9637
9648
9701
9707
9709
9791
9977
10076
10187
10682
10694
10918
11543
11553
11584
11639
11761
11890
11956
12205
12422
12427
12514
12542
12553
12760
12768
12873
12896
12983
13006
13049
13104
13404
13431
13472
13516
13671
13676
13756
13800
14013
14040
14061
14274
14289
14317
14347
14486
14764
14846
14911
14956
15106
15170
15253
15264
15287
15325
15361
15364
15467
15528
15616
15664
15761
15999
16091
16182
16194
16306
16471
16683
16692
16696
16833
16871
16889
16958
17026
17058
17078
17201
17315
17569
17569
17693
17797
17917
17974
18013
18154
18225
18423
18450
18571
18590
18723
18827
18837
19032
19275
19340
19387
19448
19561
19708
19726
19768
19877
19892
19971
20066
20105
20298
20378
20386
20467
20577
20744
20827
20848
20885
20925
20987
21102
21149
21281
21331
21409
21861
21889
21993
22122
22144
22144
22160
22372
22439
22450
22463
22617
22834
22925
23131
23431
23521
23734
23820
23824
24018
24304
24320
24432
24504
24517
24582
24831
24832
25052
25228
25326
25345
25531
25603
25750
25849
25973
26120
26216
26270
26337
26509
26515
26547
26601
26740
26750
26828
27058
27158
27189
27415
27489
27746
27774
27789
27794
27977
28000
28069
28284
28293
28429
28449
28509
28685
28696
28697
28982
29113
29423
29510
29585
29671
29856
30006
30008
30028
30069
30135
30276
30367
30383
30465
30496
30499
30612
30618
30682
30689
30753
30869
31073
31137
31197
31685
31693
31725
31752
31767
31960
31967
32036
32128
32369
32472
32559
32614
32826
32913
32986
33006
33039
33130
33187
33307
33360
33374
33441
33500
33606
33637
33789
33806
33809
33943
33966
33978
34045
34083
34179
34218
34254
34273
34409
34529
34619
34644
34754
34831
34936
34988
35059
35241
35353
35395
35402
35495
35562
35745
35763
35971
36105
36203
36266
36318
36408
36555
36654
36722
36848
37049
37237
37253
37334
37342
37372
37590
37806
37830
37965
38052
38091
38096
38213
38302
38623
38633
38689
38730
38765
38889
39545
39590
39596
39631
39745
39768
39980
40012
40014
40075
40396
40542
40734
40927
41052
41131
41255
41329
41380
41380
41395
41459
41483
41634
41657
41732
41733
41784
41882
41908
41928
42029
42070
42158
42181
42351
42362
42464
42615
42895
42955
43049
43083
43198
43404
43694
43804
44163
44241
44323
44389
44453
44956
45097
45192
45219
45297
45330
45379
45429
45442
45525
45568
45602
45718
45856
45990
46012
46091
46162
46181
46203
46365
46433
46507
46658
46905
47413
47514
47555
47601
47750
47760
47780
47810
47817
47936
48090
48133
48356
48447
48467
48564
49202
49219
49329
49389
49431
49436
49507
49545
49552
49567
49686
49788
49882
49962
50211
50273
50374
50389
50399
50510
50556
50799
50909
50946
50977
51159
51233
51238
51357
51394
51513
51537
51916
51978
52309
52737
52782
52840
52867
52915
53081
53106
53149
53304
53388
53590
53745
53794
53880
54174
54189
54194
54247
54291
54552
54638
54657
54669
54939
54968
55097
55233
55318
55394
55423
55477
55546
55571
55663
55879
56033
56039
56079
56172
56210
56240
56265
56349
56404
56697
56762
56797
56974
57064
57175
57198
57240
57248
57347
57427
57442
57594
57613
57619
58128
58201
58258
58262
58376
58395
58450
58536
58712
58770
58939
59196
59246
59267
59282
59320
59426
59434
59493
59775
59944
60043
60201
60301
60554
60611
60669
60691
60914
60932
61042
61073
61120
61234
61308
61371
61424
61666
61676
61714
61759
61891
61907
61917
61926
62200
62439
62508
62747
62843
62882
62910
63075
63336
63350
63505
63576
63619
63901
63901
64023
64109
64307
64389
64686
64784
64835
64926
64955
64992
65075
65150
65159
65368
65398
65660
65696
65700
65720
65745
65753
65840
65956
66126
66158
66200
66285
66476
66511
66637
66758
67069
67144
67335
67343
67477
67750
67807
67863
67867
67880
67887
67970
68118
68338
68374
68644
68720
68756
69237
69247
69375
69494
69555
69636
69797
70010
70028
70135
70202
70211
70240
70242
70297
70316
70463
70592
70656
70697
70834
70878
70949
71109
71121
71180
71303
71578
71747
72038
72412
72446
72601
72627
72958
72982
72982
73005
73059
73229
73375
73388
73482
73490
73505
73546
73675
73888
73931
74033
74127
74142
74179
74307
74482
74492
74643
74662
74861
74940
74960
75016
75160
75171
75268
75388
75499
75552
75894
75953
76098
76127
76210
76264
76441
76486
76513
76574
76644
76731
76777
76826
76855
77078
77206
77370
77391
77470
77493
77616
77618
77748
77860
77885
77939
78663
78830
78851
79049
79181
79184
79447
79805
79823
79983
80277
80330
80664
80689
80946
81074
81138
81457
81488
81533
81555
81776
81863
81879
81940
82087
82196
82203
82560
82587
82611
82688
82739
82757
82775
82795
82924
83141
83294
83544
83603
83660
83696
83791
83814
83846
83851
83944
83982
84109
84154
84157
84209
84248
84347
84362
84590
84720
84811
84874
85145
85267
85311
85402
85870
85875
86072
86142
86345
86492
86531
86577
86695
87007
87044
87180
87183
87204
87208
87209
87261
87280
87537
87838
87860
87878
88100
88121
88168
88215
88235
88358
88368
88434
88548
88566
88624
88644
88742
88779
88946
88980
89347
89633
89745
89820
89847
90019
90066
90132
90170
90603
90668
90733
90828
90972
91004
91019
91353
91400
91412
91452
91536
91555
91918
91995
92026
92103
92317
92429
92748
92838
92861
92993
93357
93420
93441
93544
93718
93738
93752
93781
93996
94124
94132
94315
94397
94644
94662
94729
94787
95358
95446
95486
95512
95638
95907
95924
95938
96020
96080
96182
96608
96641
96721
97226
97296
97412
97517
97587
97629
97863
97888
97922
98140
98183
98187
98204
98262
98276
98487
98494
98654
98713
98736
98835
98940
98965
98994
99131
99146
99153
99165
99174
99281
99441
99660
99731
99748
99762
99867
99903
